N;instance;alg;z;time_ms
10;1;greedy;162;0,305
10;1;local;162;4,157
10;2;greedy;155;0,187
10;2;local;155;4,037
10;3;greedy;156;0,181
10;3;local;156;4,197
10;4;greedy;157;0,164
10;4;local;157;4,314
10;5;greedy;152;0,144
10;5;local;152;3,295
10;6;greedy;148;0,192
10;6;local;148;1,842
10;7;greedy;148;0,130
10;7;local;148;1,600
10;8;greedy;146;0,128
10;8;local;146;1,264
10;9;greedy;163;0,131
10;9;local;163;1,122
10;10;greedy;168;0,143
10;10;local;168;1,357
10;11;greedy;152;0,138
10;11;local;152;1,128
10;12;greedy;135;0,178
10;12;local;135;0,942
10;13;greedy;164;0,144
10;13;local;164;1,207
10;14;greedy;150;0,128
10;14;local;150;1,112
10;15;greedy;146;0,134
10;15;local;146;1,136
10;16;greedy;157;0,133
10;16;local;157;1,203
10;17;greedy;169;0,132
10;17;local;169;1,281
10;18;greedy;150;0,123
10;18;local;150;1,038
10;19;greedy;164;0,126
10;19;local;164;1,069
10;20;greedy;155;0,125
10;20;local;155;1,196
10;21;greedy;165;0,106
10;21;local;165;1,121
10;22;greedy;161;0,109
10;22;local;161;1,179
10;23;greedy;136;0,106
10;23;local;136;1,030
10;24;greedy;138;0,111
10;24;local;138;0,912
10;25;greedy;138;0,113
10;25;local;138;1,073
10;26;greedy;146;0,106
10;26;local;146;1,429
10;27;greedy;158;0,242
10;27;local;158;1,181
10;28;greedy;144;0,105
10;28;local;144;0,939
10;29;greedy;161;0,111
10;29;local;161;1,058
10;30;greedy;143;0,099
10;30;local;143;1,031
10;31;greedy;156;0,108
10;31;local;156;1,253
10;32;greedy;148;0,102
10;32;local;148;1,088
10;33;greedy;149;0,102
10;33;local;149;1,143
10;34;greedy;180;0,112
10;34;local;180;1,210
10;35;greedy;160;0,104
10;35;local;160;1,203
10;36;greedy;167;0,104
10;36;local;167;1,008
10;37;greedy;141;0,100
10;37;local;141;1,065
10;38;greedy;151;0,104
10;38;local;151;1,122
10;39;greedy;130;0,101
10;39;local;130;0,908
10;40;greedy;154;0,102
10;40;local;154;1,144
10;41;greedy;150;0,135
10;41;local;150;1,227
10;42;greedy;163;0,114
10;42;local;163;1,223
10;43;greedy;151;0,105
10;43;local;151;1,152
10;44;greedy;170;0,119
10;44;local;170;1,177
10;45;greedy;152;0,129
10;45;local;152;1,192
10;46;greedy;168;0,130
10;46;local;168;1,147
10;47;greedy;159;0,103
10;47;local;159;1,193
10;48;greedy;155;0,109
10;48;local;155;1,390
10;49;greedy;175;0,109
10;49;local;175;1,256
10;50;greedy;138;0,178
10;50;local;138;1,132
10;51;greedy;134;0,101
10;51;local;134;1,412
10;52;greedy;157;0,121
10;52;local;157;1,348
10;53;greedy;167;0,092
10;53;local;167;1,461
10;54;greedy;143;0,097
10;54;local;143;1,205
10;55;greedy;147;0,074
10;55;local;147;1,162
10;56;greedy;149;0,084
10;56;local;149;1,215
10;57;greedy;135;0,083
10;57;local;135;1,248
10;58;greedy;167;0,095
10;58;local;167;1,299
10;59;greedy;148;0,074
10;59;local;148;1,170
10;60;greedy;141;0,069
10;60;local;141;1,036
10;61;greedy;156;0,082
10;61;local;156;1,198
10;62;greedy;151;0,078
10;62;local;151;1,177
10;63;greedy;166;0,083
10;63;local;166;1,253
10;64;greedy;153;0,081
10;64;local;153;1,271
10;65;greedy;159;0,073
10;65;local;159;1,264
10;66;greedy;176;0,075
10;66;local;176;1,303
10;67;greedy;170;0,074
10;67;local;170;1,664
10;68;greedy;161;0,092
10;68;local;161;1,189
10;69;greedy;162;0,069
10;69;local;162;1,070
10;70;greedy;157;0,058
10;70;local;157;1,190
10;71;greedy;162;0,065
10;71;local;162;1,152
10;72;greedy;153;0,062
10;72;local;153;1,195
10;73;greedy;157;0,063
10;73;local;157;1,197
10;74;greedy;153;0,057
10;74;local;153;1,176
10;75;greedy;136;0,068
10;75;local;136;1,214
10;76;greedy;146;0,057
10;76;local;146;1,160
10;77;greedy;145;0,069
10;77;local;145;1,124
10;78;greedy;160;0,078
10;78;local;160;1,611
10;79;greedy;160;0,073
10;79;local;160;1,279
10;80;greedy;155;0,080
10;80;local;155;1,598
10;81;greedy;149;0,061
10;81;local;149;1,148
10;82;greedy;169;0,064
10;82;local;169;1,256
10;83;greedy;153;0,065
10;83;local;153;1,211
10;84;greedy;156;0,074
10;84;local;156;1,405
10;85;greedy;170;0,060
10;85;local;170;1,522
10;86;greedy;147;0,098
10;86;local;147;1,395
10;87;greedy;156;0,092
10;87;local;156;1,370
10;88;greedy;159;0,093
10;88;local;159;1,552
10;89;greedy;146;0,075
10;89;local;146;1,508
10;90;greedy;160;0,100
10;90;local;160;1,434
10;91;greedy;141;0,107
10;91;local;141;1,226
10;92;greedy;152;0,064
10;92;local;152;1,385
10;93;greedy;162;0,095
10;93;local;162;1,495
10;94;greedy;170;0,067
10;94;local;170;1,491
10;95;greedy;157;0,077
10;95;local;157;1,285
10;96;greedy;145;0,066
10;96;local;145;1,244
10;97;greedy;170;0,068
10;97;local;170;1,447
10;98;greedy;157;0,082
10;98;local;157;1,409
10;99;greedy;143;0,078
10;99;local;143;1,395
10;100;greedy;149;0,071
10;100;local;149;1,441
15;1;greedy;325;0,189
15;1;local;325;5,918
15;2;greedy;336;0,175
15;2;local;336;5,862
15;3;greedy;295;0,128
15;3;local;295;7,771
15;4;greedy;345;0,194
15;4;local;345;7,049
15;5;greedy;325;0,172
15;5;local;325;7,002
15;6;greedy;336;0,136
15;6;local;336;7,457
15;7;greedy;349;0,139
15;7;local;349;7,373
15;8;greedy;331;0,184
15;8;local;331;6,269
15;9;greedy;327;0,138
15;9;local;327;7,002
15;10;greedy;326;0,133
15;10;local;326;6,239
15;11;greedy;358;0,136
15;11;local;358;7,250
15;12;greedy;324;0,136
15;12;local;324;7,478
15;13;greedy;355;0,135
15;13;local;355;7,467
15;14;greedy;356;0,136
15;14;local;356;7,125
15;15;greedy;351;0,138
15;15;local;351;5,686
15;16;greedy;347;0,232
15;16;local;347;5,766
15;17;greedy;333;0,111
15;17;local;333;5,031
15;18;greedy;332;0,109
15;18;local;332;4,123
15;19;greedy;337;0,072
15;19;local;337;4,509
15;20;greedy;353;0,076
15;20;local;353;4,046
15;21;greedy;336;0,073
15;21;local;336;3,674
15;22;greedy;314;0,069
15;22;local;314;4,282
15;23;greedy;331;0,066
15;23;local;331;3,695
15;24;greedy;306;0,065
15;24;local;306;3,728
15;25;greedy;333;0,065
15;25;local;333;4,081
15;26;greedy;336;0,070
15;26;local;336;4,128
15;27;greedy;313;0,065
15;27;local;313;3,999
15;28;greedy;358;0,066
15;28;local;358;4,059
15;29;greedy;324;0,070
15;29;local;324;4,118
15;30;greedy;338;0,067
15;30;local;338;4,015
15;31;greedy;326;0,071
15;31;local;326;4,541
15;32;greedy;330;0,077
15;32;local;330;4,248
15;33;greedy;347;0,068
15;33;local;347;4,729
15;34;greedy;343;0,066
15;34;local;343;5,529
15;35;greedy;349;0,085
15;35;local;349;4,211
15;36;greedy;330;0,074
15;36;local;330;3,994
15;37;greedy;327;0,075
15;37;local;327;4,224
15;38;greedy;341;0,077
15;38;local;341;4,301
15;39;greedy;305;0,075
15;39;local;305;3,926
15;40;greedy;330;0,078
15;40;local;330;4,046
15;41;greedy;316;0,079
15;41;local;316;3,992
15;42;greedy;331;0,073
15;42;local;331;4,194
15;43;greedy;317;0,079
15;43;local;317;4,511
15;44;greedy;346;0,076
15;44;local;346;4,492
15;45;greedy;349;0,083
15;45;local;349;4,518
15;46;greedy;326;0,073
15;46;local;326;4,356
15;47;greedy;326;0,077
15;47;local;326;3,941
15;48;greedy;358;0,072
15;48;local;358;4,157
15;49;greedy;328;0,072
15;49;local;328;4,190
15;50;greedy;319;0,073
15;50;local;319;3,604
15;51;greedy;346;0,071
15;51;local;346;4,030
15;52;greedy;338;0,075
15;52;local;338;4,170
15;53;greedy;322;0,084
15;53;local;322;3,852
15;54;greedy;345;0,076
15;54;local;345;4,170
15;55;greedy;314;0,069
15;55;local;314;3,961
15;56;greedy;329;0,065
15;56;local;329;3,694
15;57;greedy;326;0,066
15;57;local;326;4,102
15;58;greedy;360;0,067
15;58;local;360;3,782
15;59;greedy;341;0,067
15;59;local;341;3,798
15;60;greedy;329;0,066
15;60;local;329;4,184
15;61;greedy;351;0,067
15;61;local;351;4,274
15;62;greedy;331;0,070
15;62;local;331;4,010
15;63;greedy;332;0,071
15;63;local;332;4,090
15;64;greedy;323;0,116
15;64;local;323;3,822
15;65;greedy;353;0,074
15;65;local;353;4,164
15;66;greedy;336;0,067
15;66;local;336;3,847
15;67;greedy;327;0,077
15;67;local;327;4,705
15;68;greedy;319;0,067
15;68;local;319;4,277
15;69;greedy;326;0,071
15;69;local;326;4,621
15;70;greedy;328;0,068
15;70;local;328;4,885
15;71;greedy;337;0,072
15;71;local;337;4,760
15;72;greedy;313;0,074
15;72;local;313;4,084
15;73;greedy;340;0,078
15;73;local;340;4,880
15;74;greedy;323;0,080
15;74;local;323;4,108
15;75;greedy;338;0,076
15;75;local;338;4,476
15;76;greedy;317;0,073
15;76;local;317;4,461
15;77;greedy;328;0,073
15;77;local;328;4,480
15;78;greedy;343;0,068
15;78;local;343;4,442
15;79;greedy;333;0,073
15;79;local;333;4,694
15;80;greedy;316;0,072
15;80;local;316;5,451
15;81;greedy;326;0,076
15;81;local;326;3,885
15;82;greedy;346;0,070
15;82;local;346;3,964
15;83;greedy;314;0,075
15;83;local;314;4,096
15;84;greedy;320;0,069
15;84;local;320;4,044
15;85;greedy;360;0,071
15;85;local;360;3,894
15;86;greedy;347;0,065
15;86;local;347;3,727
15;87;greedy;345;0,066
15;87;local;345;4,006
15;88;greedy;300;0,072
15;88;local;300;3,816
15;89;greedy;331;0,076
15;89;local;331;4,085
15;90;greedy;372;0,099
15;90;local;372;4,072
15;91;greedy;354;0,074
15;91;local;354;4,387
15;92;greedy;346;0,072
15;92;local;346;4,132
15;93;greedy;314;0,075
15;93;local;314;3,950
15;94;greedy;338;0,073
15;94;local;338;4,227
15;95;greedy;341;0,068
15;95;local;341;3,912
15;96;greedy;338;0,073
15;96;local;338;4,313
15;97;greedy;345;0,064
15;97;local;345;3,908
15;98;greedy;329;0,065
15;98;local;329;3,961
15;99;greedy;355;0,070
15;99;local;355;3,981
15;100;greedy;327;0,066
15;100;local;327;4,367
20;1;greedy;608;0,121
20;1;local;608;14,875
20;2;greedy;559;0,136
20;2;local;559;12,985
20;3;greedy;580;0,167
20;3;local;580;15,788
20;4;greedy;604;0,145
20;4;local;604;15,764
20;5;greedy;623;0,130
20;5;local;623;16,743
20;6;greedy;622;0,124
20;6;local;622;14,929
20;7;greedy;570;0,131
20;7;local;570;15,098
20;8;greedy;533;0,127
20;8;local;533;15,157
20;9;greedy;598;0,124
20;9;local;598;17,139
20;10;greedy;619;0,131
20;10;local;619;17,358
20;11;greedy;628;0,125
20;11;local;628;17,181
20;12;greedy;597;0,133
20;12;local;597;18,506
20;13;greedy;561;0,126
20;13;local;561;14,474
20;14;greedy;579;0,194
20;14;local;579;14,850
20;15;greedy;596;0,134
20;15;local;596;15,530
20;16;greedy;597;0,136
20;16;local;597;14,659
20;17;greedy;617;0,131
20;17;local;617;15,576
20;18;greedy;576;0,124
20;18;local;576;15,434
20;19;greedy;591;0,115
20;19;local;591;14,536
20;20;greedy;591;0,121
20;20;local;591;14,962
20;21;greedy;568;0,124
20;21;local;568;14,751
20;22;greedy;579;0,131
20;22;local;579;15,121
20;23;greedy;590;0,119
20;23;local;590;15,428
20;24;greedy;581;0,140
20;24;local;581;15,206
20;25;greedy;598;0,123
20;25;local;598;15,563
20;26;greedy;597;0,116
20;26;local;597;14,920
20;27;greedy;575;0,114
20;27;local;575;15,606
20;28;greedy;593;0,124
20;28;local;593;15,821
20;29;greedy;601;0,123
20;29;local;601;15,781
20;30;greedy;589;0,118
20;30;local;589;15,018
20;31;greedy;591;0,123
20;31;local;591;16,365
20;32;greedy;549;0,121
20;32;local;549;17,738
20;33;greedy;576;0,139
20;33;local;576;14,553
20;34;greedy;594;0,149
20;34;local;594;15,744
20;35;greedy;581;0,139
20;35;local;581;15,240
20;36;greedy;581;0,145
20;36;local;581;14,774
20;37;greedy;561;0,113
20;37;local;561;14,567
20;38;greedy;588;0,109
20;38;local;588;14,566
20;39;greedy;582;0,110
20;39;local;582;15,399
20;40;greedy;571;0,105
20;40;local;571;14,314
20;41;greedy;574;0,109
20;41;local;574;15,489
20;42;greedy;584;0,118
20;42;local;584;15,236
20;43;greedy;579;0,113
20;43;local;579;15,187
20;44;greedy;576;0,129
20;44;local;576;15,694
20;45;greedy;588;0,112
20;45;local;588;14,631
20;46;greedy;598;0,117
20;46;local;598;15,778
20;47;greedy;541;0,137
20;47;local;541;14,436
20;48;greedy;607;0,111
20;48;local;607;15,448
20;49;greedy;547;0,138
20;49;local;547;14,766
20;50;greedy;594;0,102
20;50;local;594;15,621
20;51;greedy;582;0,118
20;51;local;582;15,476
20;52;greedy;583;0,101
20;52;local;583;15,271
20;53;greedy;567;0,098
20;53;local;567;16,349
20;54;greedy;560;0,103
20;54;local;560;13,987
20;55;greedy;589;0,099
20;55;local;589;14,452
20;56;greedy;596;0,107
20;56;local;596;15,540
20;57;greedy;583;0,104
20;57;local;583;15,609
20;58;greedy;580;0,116
20;58;local;580;15,626
20;59;greedy;582;0,120
20;59;local;582;15,345
20;60;greedy;595;0,106
20;60;local;595;15,431
20;61;greedy;587;0,109
20;61;local;587;15,479
20;62;greedy;560;0,110
20;62;local;560;19,294
20;63;greedy;604;0,162
20;63;local;604;27,937
20;64;greedy;596;0,184
20;64;local;596;27,161
20;65;greedy;586;0,177
20;65;local;586;26,501
20;66;greedy;592;0,181
20;66;local;592;20,032
20;67;greedy;577;0,104
20;67;local;577;14,793
20;68;greedy;597;0,110
20;68;local;597;15,839
20;69;greedy;582;0,114
20;69;local;582;14,928
20;70;greedy;603;0,112
20;70;local;603;16,480
20;71;greedy;637;0,107
20;71;local;637;16,409
20;72;greedy;618;0,105
20;72;local;618;16,869
20;73;greedy;592;0,108
20;73;local;592;17,005
20;74;greedy;568;0,107
20;74;local;568;15,023
20;75;greedy;600;0,110
20;75;local;600;16,285
20;76;greedy;545;0,110
20;76;local;545;14,161
20;77;greedy;570;0,103
20;77;local;570;14,524
20;78;greedy;587;0,104
20;78;local;587;15,570
20;79;greedy;585;0,105
20;79;local;585;15,227
20;80;greedy;577;0,107
20;80;local;577;14,670
20;81;greedy;567;0,099
20;81;local;567;14,906
20;82;greedy;605;0,099
20;82;local;605;15,221
20;83;greedy;593;0,103
20;83;local;593;15,033
20;84;greedy;584;0,108
20;84;local;584;15,579
20;85;greedy;623;0,106
20;85;local;623;16,620
20;86;greedy;594;0,102
20;86;local;594;15,647
20;87;greedy;561;0,105
20;87;local;561;13,779
20;88;greedy;596;0,102
20;88;local;596;15,792
20;89;greedy;610;0,106
20;89;local;610;15,602
20;90;greedy;607;0,102
20;90;local;607;16,470
20;91;greedy;572;0,111
20;91;local;572;16,100
20;92;greedy;614;0,108
20;92;local;614;16,153
20;93;greedy;607;0,103
20;93;local;607;17,178
20;94;greedy;611;0,107
20;94;local;611;15,458
20;95;greedy;585;0,103
20;95;local;585;14,712
20;96;greedy;576;0,105
20;96;local;576;14,469
20;97;greedy;592;0,101
20;97;local;592;14,058
20;98;greedy;604;0,102
20;98;local;604;30,203
20;99;greedy;584;0,159
20;99;local;584;19,356
20;100;greedy;585;0,115
20;100;local;585;16,127
25;1;greedy;881;0,298
25;1;local;881;41,996
25;2;greedy;878;0,260
25;2;local;878;45,495
25;3;greedy;879;0,236
25;3;local;879;44,009
25;4;greedy;913;0,191
25;4;local;913;43,474
25;5;greedy;902;0,194
25;5;local;902;43,283
25;6;greedy;911;0,187
25;6;local;911;48,631
25;7;greedy;917;0,185
25;7;local;917;53,343
25;8;greedy;907;0,200
25;8;local;907;57,729
25;9;greedy;919;0,272
25;9;local;919;61,305
25;10;greedy;916;0,196
25;10;local;916;44,844
25;11;greedy;904;0,185
25;11;local;904;44,532
25;12;greedy;925;0,213
25;12;local;925;46,758
25;13;greedy;875;0,192
25;13;local;875;42,811
25;14;greedy;912;0,197
25;14;local;912;49,087
25;15;greedy;873;0,235
25;15;local;873;51,658
25;16;greedy;940;0,204
25;16;local;940;48,394
25;17;greedy;912;0,267
25;17;local;912;45,069
25;18;greedy;937;0,301
25;18;local;937;46,809
25;19;greedy;891;0,269
25;19;local;891;42,781
25;20;greedy;880;0,197
25;20;local;880;40,768
25;21;greedy;909;0,198
25;21;local;909;44,217
25;22;greedy;925;0,210
25;22;local;925;42,325
25;23;greedy;909;0,195
25;23;local;909;63,549
25;24;greedy;871;0,280
25;24;local;871;52,278
25;25;greedy;859;0,202
25;25;local;859;41,989
25;26;greedy;911;0,197
25;26;local;911;43,040
25;27;greedy;859;0,203
25;27;local;859;60,607
25;28;greedy;926;0,212
25;28;local;926;45,772
25;29;greedy;939;0,205
25;29;local;939;62,943
25;30;greedy;910;0,312
25;30;local;910;52,938
25;31;greedy;917;0,212
25;31;local;917;55,712
25;32;greedy;899;0,385
25;32;local;899;73,956
25;33;greedy;891;0,265
25;33;local;891;47,492
25;34;greedy;912;0,202
25;34;local;912;43,101
25;35;greedy;890;0,188
25;35;local;890;41,540
25;36;greedy;905;0,188
25;36;local;905;43,523
25;37;greedy;916;0,195
25;37;local;916;44,510
25;38;greedy;902;0,196
25;38;local;902;44,724
25;39;greedy;908;0,198
25;39;local;908;45,406
25;40;greedy;911;0,197
25;40;local;911;43,375
25;41;greedy;882;0,191
25;41;local;882;42,695
25;42;greedy;940;0,203
25;42;local;940;45,952
25;43;greedy;873;0,199
25;43;local;873;45,378
25;44;greedy;889;0,186
25;44;local;889;42,776
25;45;greedy;935;0,211
25;45;local;935;48,327
25;46;greedy;899;0,236
25;46;local;899;45,273
25;47;greedy;898;0,181
25;47;local;898;44,385
25;48;greedy;873;0,189
25;48;local;873;41,695
25;49;greedy;923;0,183
25;49;local;923;43,523
25;50;greedy;888;0,186
25;50;local;888;44,686
25;51;greedy;962;0,195
25;51;local;962;47,266
25;52;greedy;907;0,177
25;52;local;907;43,510
25;53;greedy;892;0,183
25;53;local;892;43,849
25;54;greedy;924;0,182
25;54;local;924;44,134
25;55;greedy;871;0,178
25;55;local;871;41,321
25;56;greedy;934;0,178
25;56;local;934;72,465
25;57;greedy;946;0,355
25;57;local;946;85,381
25;58;greedy;935;0,244
25;58;local;935;91,874
25;59;greedy;897;0,461
25;59;local;897;80,790
25;60;greedy;914;0,317
25;60;local;914;47,123
25;61;greedy;903;0,207
25;61;local;903;41,704
25;62;greedy;905;0,182
25;62;local;905;43,169
25;63;greedy;888;0,168
25;63;local;888;131,591
25;64;greedy;914;0,405
25;64;local;914;220,589
25;65;greedy;906;0,504
25;65;local;906;133,870
25;66;greedy;902;0,334
25;66;local;902;171,300
25;67;greedy;899;0,431
25;67;local;899;79,882
25;68;greedy;911;0,184
25;68;local;911;65,847
25;69;greedy;923;0,179
25;69;local;923;88,414
25;70;greedy;898;0,215
25;70;local;898;52,668
25;71;greedy;911;0,221
25;71;local;911;50,905
25;72;greedy;915;0,175
25;72;local;915;46,038
25;73;greedy;925;0,177
25;73;local;925;47,771
25;74;greedy;912;0,175
25;74;local;912;93,333
25;75;greedy;877;0,348
25;75;local;877;87,212
25;76;greedy;907;0,320
25;76;local;907;54,884
25;77;greedy;934;0,176
25;77;local;934;45,629
25;78;greedy;887;0,256
25;78;local;887;42,817
25;79;greedy;895;0,172
25;79;local;895;42,799
25;80;greedy;870;0,207
25;80;local;870;42,432
25;81;greedy;883;0,211
25;81;local;883;43,206
25;82;greedy;924;0,230
25;82;local;924;51,170
25;83;greedy;936;0,215
25;83;local;936;51,670
25;84;greedy;914;0,185
25;84;local;914;46,763
25;85;greedy;885;0,183
25;85;local;885;65,458
25;86;greedy;884;0,200
25;86;local;884;43,049
25;87;greedy;914;0,175
25;87;local;914;43,735
25;88;greedy;889;0,171
25;88;local;889;48,228
25;89;greedy;872;0,179
25;89;local;872;65,258
25;90;greedy;903;0,321
25;90;local;903;54,561
25;91;greedy;865;0,237
25;91;local;865;51,800
25;92;greedy;896;0,250
25;92;local;896;44,564
25;93;greedy;897;0,191
25;93;local;897;86,488
25;94;greedy;881;0,504
25;94;local;881;87,108
25;95;greedy;926;0,192
25;95;local;926;79,262
25;96;greedy;909;0,287
25;96;local;909;64,889
25;97;greedy;933;0,197
25;97;local;933;48,493
25;98;greedy;924;0,182
25;98;local;924;50,409
25;99;greedy;880;0,181
25;99;local;880;71,231
25;100;greedy;919;0,207
25;100;local;919;53,055
30;1;greedy;1301;0,416
30;1;local;1301;188,572
30;2;greedy;1267;0,645
30;2;local;1267;166,332
30;3;greedy;1280;0,530
30;3;local;1280;163,234
30;4;greedy;1312;1,187
30;4;local;1312;188,782
30;5;greedy;1285;1,276
30;5;local;1285;211,744
30;6;greedy;1305;0,442
30;6;local;1305;194,176
30;7;greedy;1284;0,394
30;7;local;1284;160,114
30;8;greedy;1346;0,312
30;8;local;1346;169,533
30;9;greedy;1310;0,479
30;9;local;1310;118,659
30;10;greedy;1280;0,392
30;10;local;1280;112,793
30;11;greedy;1250;0,408
30;11;local;1250;106,062
30;12;greedy;1281;0,390
30;12;local;1281;114,291
30;13;greedy;1285;0,367
30;13;local;1285;112,800
30;14;greedy;1270;0,336
30;14;local;1270;108,732
30;15;greedy;1326;0,417
30;15;local;1326;116,689
30;16;greedy;1296;0,362
30;16;local;1296;136,166
30;17;greedy;1280;0,462
30;17;local;1280;238,018
30;18;greedy;1257;0,347
30;18;local;1257;135,884
30;19;greedy;1276;0,314
30;19;local;1276;117,841
30;20;greedy;1342;0,327
30;20;local;1342;182,788
30;21;greedy;1294;0,308
30;21;local;1294;140,739
30;22;greedy;1305;0,345
30;22;local;1305;140,384
30;23;greedy;1284;0,323
30;23;local;1284;161,199
30;24;greedy;1252;0,329
30;24;local;1252;175,603
30;25;greedy;1316;0,503
30;25;local;1316;192,601
30;26;greedy;1296;0,338
30;26;local;1296;144,464
30;27;greedy;1324;0,326
30;27;local;1324;137,404
30;28;greedy;1265;0,430
30;28;local;1265;188,908
30;29;greedy;1331;0,291
30;29;local;1331;115,688
30;30;greedy;1280;0,318
30;30;local;1280;106,469
30;31;greedy;1278;0,326
30;31;local;1278;110,725
30;32;greedy;1342;0,293
30;32;local;1342;164,330
30;33;greedy;1294;0,313
30;33;local;1294;109,872
30;34;greedy;1353;0,312
30;34;local;1353;113,230
30;35;greedy;1281;0,315
30;35;local;1281;111,450
30;36;greedy;1271;0,305
30;36;local;1271;117,973
30;37;greedy;1317;0,446
30;37;local;1317;146,087
30;38;greedy;1340;0,311
30;38;local;1340;118,346
30;39;greedy;1270;0,315
30;39;local;1270;112,758
30;40;greedy;1285;0,331
30;40;local;1285;120,617
30;41;greedy;1270;0,438
30;41;local;1270;133,120
30;42;greedy;1274;0,278
30;42;local;1274;109,929
30;43;greedy;1303;0,300
30;43;local;1303;110,628
30;44;greedy;1308;0,288
30;44;local;1308;165,108
30;45;greedy;1311;0,466
30;45;local;1311;122,804
30;46;greedy;1291;0,301
30;46;local;1291;113,696
30;47;greedy;1254;0,281
30;47;local;1254;106,782
30;48;greedy;1258;0,283
30;48;local;1258;110,567
30;49;greedy;1287;1,880
30;49;local;1287;157,584
30;50;greedy;1352;0,302
30;50;local;1352;112,324
30;51;greedy;1291;0,291
30;51;local;1291;108,895
30;52;greedy;1190;0,312
30;52;local;1190;102,849
30;53;greedy;1282;0,271
30;53;local;1282;152,551
30;54;greedy;1335;0,291
30;54;local;1335;113,216
30;55;greedy;1283;0,278
30;55;local;1283;109,358
30;56;greedy;1321;0,293
30;56;local;1321;116,405
30;57;greedy;1240;0,280
30;57;local;1240;113,140
30;58;greedy;1241;0,282
30;58;local;1241;108,671
30;59;greedy;1288;0,292
30;59;local;1288;111,061
30;60;greedy;1281;0,270
30;60;local;1281;146,783
30;61;greedy;1246;0,466
30;61;local;1246;118,551
30;62;greedy;1274;0,272
30;62;local;1274;109,116
30;63;greedy;1285;0,267
30;63;local;1285;108,441
30;64;greedy;1279;0,289
30;64;local;1279;113,601
30;65;greedy;1336;0,281
30;65;local;1336;145,835
30;66;greedy;1297;0,475
30;66;local;1297;136,789
30;67;greedy;1369;0,276
30;67;local;1369;117,553
30;68;greedy;1296;0,295
30;68;local;1296;117,152
30;69;greedy;1303;0,286
30;69;local;1303;119,814
30;70;greedy;1251;0,295
30;70;local;1251;110,790
30;71;greedy;1290;0,288
30;71;local;1290;110,964
30;72;greedy;1310;0,295
30;72;local;1310;112,914
30;73;greedy;1285;0,291
30;73;local;1285;125,661
30;74;greedy;1305;0,302
30;74;local;1305;127,023
30;75;greedy;1290;0,279
30;75;local;1290;127,798
30;76;greedy;1290;0,458
30;76;local;1290;121,701
30;77;greedy;1305;0,273
30;77;local;1305;135,668
30;78;greedy;1297;0,294
30;78;local;1297;366,859
30;79;greedy;1328;0,693
30;79;local;1328;392,712
30;80;greedy;1228;0,360
30;80;local;1228;139,014
30;81;greedy;1252;0,471
30;81;local;1252;136,490
30;82;greedy;1287;0,287
30;82;local;1287;112,930
30;83;greedy;1296;0,275
30;83;local;1296;215,725
30;84;greedy;1297;0,560
30;84;local;1297;169,378
30;85;greedy;1250;0,294
30;85;local;1250;132,578
30;86;greedy;1282;0,333
30;86;local;1282;120,338
30;87;greedy;1270;0,315
30;87;local;1270;114,587
30;88;greedy;1250;0,287
30;88;local;1250;116,819
30;89;greedy;1293;0,307
30;89;local;1293;125,085
30;90;greedy;1260;0,303
30;90;local;1260;117,578
30;91;greedy;1228;0,283
30;91;local;1228;113,396
30;92;greedy;1374;0,284
30;92;local;1374;114,789
30;93;greedy;1338;0,292
30;93;local;1338;114,465
30;94;greedy;1337;0,276
30;94;local;1337;117,932
30;95;greedy;1211;0,283
30;95;local;1211;108,101
30;96;greedy;1278;0,293
30;96;local;1278;114,921
30;97;greedy;1252;0,309
30;97;local;1252;108,974
30;98;greedy;1305;0,290
30;98;local;1305;117,293
30;99;greedy;1289;0,278
30;99;local;1289;113,183
30;100;greedy;1324;0,297
30;100;local;1324;110,174
35;1;greedy;1751;0,423
35;1;local;1751;300,425
35;2;greedy;1742;0,445
35;2;local;1742;425,087
35;3;greedy;1677;0,723
35;3;local;1677;584,040
35;4;greedy;1752;0,530
35;4;local;1752;329,594
35;5;greedy;1733;0,457
35;5;local;1733;242,389
35;6;greedy;1725;0,421
35;6;local;1725;278,001
35;7;greedy;1721;0,449
35;7;local;1721;247,114
35;8;greedy;1764;0,429
35;8;local;1764;283,176
35;9;greedy;1763;0,458
35;9;local;1763;320,518
35;10;greedy;1734;0,425
35;10;local;1734;305,914
35;11;greedy;1778;0,545
35;11;local;1778;260,949
35;12;greedy;1708;0,543
35;12;local;1708;255,157
35;13;greedy;1753;0,429
35;13;local;1753;259,297
35;14;greedy;1775;0,466
35;14;local;1775;264,298
35;15;greedy;1717;0,422
35;15;local;1717;287,836
35;16;greedy;1759;0,512
35;16;local;1759;294,407
35;17;greedy;1705;0,436
35;17;local;1705;279,082
35;18;greedy;1751;0,420
35;18;local;1751;249,201
35;19;greedy;1801;0,418
35;19;local;1801;403,831
35;20;greedy;1771;0,702
35;20;local;1771;585,544
35;21;greedy;1766;0,441
35;21;local;1766;356,519
35;22;greedy;1782;0,454
35;22;local;1782;275,180
35;23;greedy;1772;0,554
35;23;local;1772;270,059
35;24;greedy;1767;0,426
35;24;local;1767;266,046
35;25;greedy;1702;0,462
35;25;local;1702;257,234
35;26;greedy;1725;0,451
35;26;local;1725;287,924
35;27;greedy;1763;0,446
35;27;local;1763;246,594
35;28;greedy;1745;0,449
35;28;local;1745;254,054
35;29;greedy;1720;0,413
35;29;local;1720;265,239
35;30;greedy;1753;0,446
35;30;local;1753;354,428
35;31;greedy;1788;1,061
35;31;local;1788;546,153
35;32;greedy;1740;0,508
35;32;local;1740;413,224
35;33;greedy;1740;1,845
35;33;local;1740;319,681
35;34;greedy;1779;0,453
35;34;local;1779;348,878
35;35;greedy;1705;0,419
35;35;local;1705;264,596
35;36;greedy;1746;0,434
35;36;local;1746;318,237
35;37;greedy;1754;0,476
35;37;local;1754;262,756
35;38;greedy;1736;0,460
35;38;local;1736;250,675
35;39;greedy;1747;0,440
35;39;local;1747;270,853
35;40;greedy;1736;0,484
35;40;local;1736;253,943
35;41;greedy;1695;0,491
35;41;local;1695;274,943
35;42;greedy;1772;0,604
35;42;local;1772;341,130
35;43;greedy;1756;0,433
35;43;local;1756;255,952
35;44;greedy;1809;1,617
35;44;local;1809;353,247
35;45;greedy;1742;0,456
35;45;local;1742;262,264
35;46;greedy;1752;0,450
35;46;local;1752;302,487
35;47;greedy;1770;0,428
35;47;local;1770;252,430
35;48;greedy;1770;0,426
35;48;local;1770;318,712
35;49;greedy;1727;0,418
35;49;local;1727;249,806
35;50;greedy;1777;0,415
35;50;local;1777;379,816
35;51;greedy;1795;0,432
35;51;local;1795;261,922
35;52;greedy;1734;0,444
35;52;local;1734;256,164
35;53;greedy;1824;0,617
35;53;local;1824;273,485
35;54;greedy;1761;0,455
35;54;local;1761;429,519
35;55;greedy;1778;0,978
35;55;local;1778;297,546
35;56;greedy;1719;0,420
35;56;local;1719;320,593
35;57;greedy;1720;0,422
35;57;local;1720;300,602
35;58;greedy;1746;0,458
35;58;local;1746;270,564
35;59;greedy;1683;0,415
35;59;local;1683;286,698
35;60;greedy;1720;0,425
35;60;local;1720;268,037
35;61;greedy;1724;0,449
35;61;local;1724;294,975
35;62;greedy;1743;0,737
35;62;local;1743;251,212
35;63;greedy;1749;0,455
35;63;local;1749;252,143
35;64;greedy;1683;0,439
35;64;local;1683;246,427
35;65;greedy;1749;0,424
35;65;local;1749;256,703
35;66;greedy;1743;0,452
35;66;local;1743;257,021
35;67;greedy;1766;0,435
35;67;local;1766;256,813
35;68;greedy;1694;0,445
35;68;local;1694;247,610
35;69;greedy;1724;0,448
35;69;local;1724;251,503
35;70;greedy;1780;0,566
35;70;local;1780;268,233
35;71;greedy;1680;0,868
35;71;local;1680;315,547
35;72;greedy;1741;0,417
35;72;local;1741;252,936
35;73;greedy;1777;0,413
35;73;local;1777;251,185
35;74;greedy;1748;0,418
35;74;local;1748;254,442
35;75;greedy;1819;0,462
35;75;local;1819;266,021
35;76;greedy;1712;0,413
35;76;local;1712;242,986
35;77;greedy;1751;0,446
35;77;local;1751;278,688
35;78;greedy;1746;0,435
35;78;local;1746;296,667
35;79;greedy;1758;0,476
35;79;local;1758;265,583
35;80;greedy;1769;0,457
35;80;local;1769;253,018
35;81;greedy;1726;0,414
35;81;local;1726;257,085
35;82;greedy;1743;0,415
35;82;local;1743;251,034
35;83;greedy;1715;0,456
35;83;local;1715;442,831
35;84;greedy;1710;0,713
35;84;local;1710;642,981
35;85;greedy;1727;1,315
35;85;local;1727;650,803
35;86;greedy;1715;0,836
35;86;local;1715;634,591
35;87;greedy;1729;0,871
35;87;local;1729;561,783
35;88;greedy;1678;1,625
35;88;local;1678;504,053
35;89;greedy;1751;0,879
35;89;local;1751;659,835
35;90;greedy;1765;1,284
35;90;local;1765;534,768
35;91;greedy;1776;0,913
35;91;local;1776;630,759
35;92;greedy;1777;1,436
35;92;local;1777;653,591
35;93;greedy;1706;0,923
35;93;local;1706;632,647
35;94;greedy;1729;1,229
35;94;local;1729;723,027
35;95;greedy;1740;1,436
35;95;local;1740;600,362
35;96;greedy;1775;1,009
35;96;local;1775;535,085
35;97;greedy;1766;0,518
35;97;local;1766;303,664
35;98;greedy;1701;0,451
35;98;local;1701;346,849
35;99;greedy;1716;0,589
35;99;local;1716;255,757
35;100;greedy;1736;0,423
35;100;local;1736;331,917
40;1;greedy;2252;0,615
40;1;local;2252;571,172
40;2;greedy;2261;0,672
40;2;local;2261;622,819
40;3;greedy;2274;0,832
40;3;local;2274;528,743
40;4;greedy;2260;0,611
40;4;local;2260;510,628
40;5;greedy;2272;0,621
40;5;local;2272;724,977
40;6;greedy;2213;0,898
40;6;local;2213;541,018
40;7;greedy;2282;0,721
40;7;local;2282;518,439
40;8;greedy;2262;0,619
40;8;local;2262;547,234
40;9;greedy;2385;0,632
40;9;local;2385;530,626
40;10;greedy;2268;0,739
40;10;local;2268;600,899
40;11;greedy;2310;0,669
40;11;local;2310;665,445
40;12;greedy;2343;0,621
40;12;local;2343;607,550
40;13;greedy;2237;0,800
40;13;local;2237;614,680
40;14;greedy;2264;0,616
40;14;local;2264;544,337
40;15;greedy;2311;0,658
40;15;local;2311;564,699
40;16;greedy;2289;0,615
40;16;local;2289;1157,293
40;17;greedy;2245;2,183
40;17;local;2245;1002,878
40;18;greedy;2280;1,237
40;18;local;2280;1327,938
40;19;greedy;2275;1,226
40;19;local;2275;1223,672
40;20;greedy;2230;1,332
40;20;local;2230;1076,872
40;21;greedy;2257;1,284
40;21;local;2257;1162,491
40;22;greedy;2272;0,704
40;22;local;2272;1039,317
40;23;greedy;2290;0,762
40;23;local;2290;760,743
40;24;greedy;2266;0,649
40;24;local;2266;864,217
40;25;greedy;2294;0,699
40;25;local;2294;614,160
40;26;greedy;2327;0,677
40;26;local;2327;810,889
40;27;greedy;2285;0,671
40;27;local;2285;581,793
40;28;greedy;2237;0,674
40;28;local;2237;575,428
40;29;greedy;2254;0,674
40;29;local;2254;535,729
40;30;greedy;2280;0,608
40;30;local;2280;538,111
40;31;greedy;2316;0,636
40;31;local;2316;525,465
40;32;greedy;2358;0,671
40;32;local;2358;595,004
40;33;greedy;2269;0,623
40;33;local;2269;549,004
40;34;greedy;2294;0,665
40;34;local;2294;609,267
40;35;greedy;2237;0,880
40;35;local;2237;1044,404
40;36;greedy;2287;1,828
40;36;local;2287;1346,432
40;37;greedy;2243;1,256
40;37;local;2243;1124,704
40;38;greedy;2245;1,443
40;38;local;2245;1237,787
40;39;greedy;2202;1,387
40;39;local;2202;1273,460
40;40;greedy;2252;2,305
40;40;local;2252;1209,129
40;41;greedy;2264;1,314
40;41;local;2264;1134,110
40;42;greedy;2219;2,347
40;42;local;2219;1328,273
40;43;greedy;2314;1,270
40;43;local;2314;1251,225
40;44;greedy;2217;0,845
40;44;local;2217;985,150
40;45;greedy;2296;1,360
40;45;local;2296;1236,137
40;46;greedy;2279;1,250
40;46;local;2279;1298,782
40;47;greedy;2305;1,320
40;47;local;2305;1168,986
40;48;greedy;2268;1,342
40;48;local;2268;1108,062
40;49;greedy;2270;1,415
40;49;local;2270;1285,510
40;50;greedy;2279;1,351
40;50;local;2279;1275,217
40;51;greedy;2218;1,288
40;51;local;2218;1167,596
40;52;greedy;2253;1,621
40;52;local;2253;1077,715
40;53;greedy;2265;1,255
40;53;local;2265;1193,647
40;54;greedy;2287;1,406
40;54;local;2287;1241,291
40;55;greedy;2344;1,307
40;55;local;2344;1211,980
40;56;greedy;2252;1,228
40;56;local;2252;1105,497
40;57;greedy;2268;1,237
40;57;local;2268;1335,686
40;58;greedy;2282;1,301
40;58;local;2282;1233,369
40;59;greedy;2315;2,015
40;59;local;2315;1265,251
40;60;greedy;2296;1,451
40;60;local;2296;1204,943
40;61;greedy;2280;1,327
40;61;local;2280;1358,663
40;62;greedy;2199;1,437
40;62;local;2199;1306,092
40;63;greedy;2235;1,476
40;63;local;2235;1026,326
40;64;greedy;2276;1,297
40;64;local;2276;1212,978
40;65;greedy;2206;1,396
40;65;local;2206;1520,313
40;66;greedy;2396;2,044
40;66;local;2396;1462,686
40;67;greedy;2188;1,278
40;67;local;2188;1345,961
40;68;greedy;2275;1,267
40;68;local;2275;1128,176
40;69;greedy;2280;1,267
40;69;local;2280;1119,626
40;70;greedy;2270;1,620
40;70;local;2270;1345,441
40;71;greedy;2306;2,353
40;71;local;2306;1254,110
40;72;greedy;2302;1,265
40;72;local;2302;1216,517
40;73;greedy;2313;2,145
40;73;local;2313;1168,977
40;74;greedy;2339;1,168
40;74;local;2339;1182,622
40;75;greedy;2273;1,250
40;75;local;2273;1275,101
40;76;greedy;2280;2,162
40;76;local;2280;1097,546
40;77;greedy;2334;1,242
40;77;local;2334;1148,214
40;78;greedy;2229;1,234
40;78;local;2229;1159,326
40;79;greedy;2221;0,752
40;79;local;2221;1148,948
40;80;greedy;2283;1,249
40;80;local;2283;1209,362
40;81;greedy;2208;1,245
40;81;local;2208;1161,881
40;82;greedy;2261;1,252
40;82;local;2261;1349,250
40;83;greedy;2232;1,323
40;83;local;2232;1047,892
40;84;greedy;2234;0,906
40;84;local;2234;1229,286
40;85;greedy;2330;1,528
40;85;local;2330;1359,049
40;86;greedy;2328;2,189
40;86;local;2328;1365,153
40;87;greedy;2297;1,279
40;87;local;2297;1116,185
40;88;greedy;2290;1,314
40;88;local;2290;1186,705
40;89;greedy;2240;1,511
40;89;local;2240;1259,097
40;90;greedy;2213;1,305
40;90;local;2213;1265,825
40;91;greedy;2302;2,174
40;91;local;2302;1137,055
40;92;greedy;2288;1,216
40;92;local;2288;1136,687
40;93;greedy;2275;2,356
40;93;local;2275;1207,897
40;94;greedy;2227;1,334
40;94;local;2227;1335,601
40;95;greedy;2225;1,253
40;95;local;2225;1379,354
40;96;greedy;2284;1,238
40;96;local;2284;1232,103
40;97;greedy;2297;1,286
40;97;local;2297;750,002
40;98;greedy;2254;0,637
40;98;local;2254;644,235
40;99;greedy;2217;0,640
40;99;local;2217;531,099
40;100;greedy;2266;0,624
40;100;local;2266;541,660
45;1;greedy;2849;0,885
45;1;local;2849;1125,405
45;2;greedy;2863;1,228
45;2;local;2863;1198,351
45;3;greedy;2902;0,991
45;3;local;2902;1157,767
45;4;greedy;2867;1,010
45;4;local;2867;1042,526
45;5;greedy;2941;0,976
45;5;local;2941;1181,621
45;6;greedy;2837;0,972
45;6;local;2837;1045,737
45;7;greedy;2843;1,037
45;7;local;2843;1061,180
45;8;greedy;2887;0,879
45;8;local;2887;1044,840
45;9;greedy;2854;0,886
45;9;local;2854;1038,811
45;10;greedy;2875;0,955
45;10;local;2875;1673,708
45;11;greedy;2905;0,909
45;11;local;2905;1112,447
45;12;greedy;2840;0,958
45;12;local;2840;1116,883
45;13;greedy;2835;0,911
45;13;local;2835;1058,216
45;14;greedy;2865;1,002
45;14;local;2865;983,078
45;15;greedy;2927;0,977
45;15;local;2927;1158,912
45;16;greedy;2802;0,976
45;16;local;2802;1055,861
45;17;greedy;2874;0,898
45;17;local;2874;995,399
45;18;greedy;2825;0,923
45;18;local;2825;1114,423
45;19;greedy;2936;1,002
45;19;local;2936;1174,169
45;20;greedy;2888;0,903
45;20;local;2888;1483,454
45;21;greedy;2814;2,53